Total number for brand michaelkors is : 4610

 UserId      Number
-------------------
5379584002     2
3579809797     1
1313284103     1
5211226121     1
2607063050     4
3732815883     1
1630695437     2
2635563023     1
5627080721     1
3787067410     3
2007240723     14
1456463892     1
2319540251     1
1802719260     1
1752838173     2
2157608994     1
3416629284     4
5293963953     4
5551607848     2
2364600362     1
5369679916     1
2677190701     3
5694324782     1
1621262385     1
3231764530     1
3091103795     1
3380899892     1
3558584373     1
1255956534     1
1964744762     1
5216706620     1
2190448124     36
2812438775     1
5639548992     1
2809704514     1
3598139403     1
1228111940     1
5202481221     1
5696163913     2
1831084727     2
2817568845     4
2711822414     3
5591531600     1
5388922964     1
1292832853     1
5244006491     1
5627736719     3
2824022032     1
2784395362     1
1854902371     5
5677877452     1
3147305064     1
2863360700     1
2797273194     1
3561332765     2
2083922621     1
1914097777     1
2204418162     1
2678857843     6
2597965940     1
1740349557     1
5608165494     2
3580174455     1
1947983995     2
2356490365     6
5626757252     1
1771769990     1
2120371564     1
3280633995     1
2723147921     1
2144669843     1
3480191124     1
3481002133     1
5163247559     3
1848649753     1
1833738392     1
5398962330     1
5348737180     1
5514883320     1
5046960837     1
5097562275     4
5279162533     1
5451169958     9
2738847911     1
5389152424     1
2122748077     1
5546025135     2
5117882544     1
2142654642     1
1972457651     1
1773596857     1
5569843388     3
5585686717     1
1730773182     2
5504499903     1
1806520513     2
1766801603     1
1244397764     7
5151266850     3
2100895955     28
1950073045     2
5515390329     1
5631197402     1
5029107706     1
2378850524     3
3219312864     40
3217535201     20
1686610151     1
2587586792     1
2064167145     1
2313056492     1
5055467759     1
5041217776     2
1847841011     1
2435563764     4
5617877239     1
1880326392     1
2594427130     1
3806634239     1
2254962945     1
3846463746     3
5579395333     1
5627785480     6
5185155116     1
5726748938     1
3285314263     1
1792553231     1
1639649552     1
1947680814     1
1257128217     2
5659406618     1
1949372701     11
2499211554     4
2183426341     1
2340692262     1
5697593646     1
5723127818     1
2202161203     1
2690474293     1
3862786358     1
2352406843     2
2456949054     1
5379051573     6
3273290050     11
2152161604     2
3242135891     2
2558751061     3
1748889944     1
1703981402     1
5180518748     16
2701615457     1
2445107555     2
3521470822     1
5434388846     1
1887662447     1
5065912688     8
2536735091     1
5377446260     1
3981734262     1
2145032937     1
5449326969     1
1874395515     2
3508781437     1
1746801022     1
5505487233     1
2686783701     2
1930885974     1
3166765444     1
1670455685     2
1677787527     1
5365309832     1
2150404490     1
2083971477     1
3994550678     1
1734128023     1
3480469914     2
5402358171     1
1272321237     1
5641306531     1
5703152037     4
2743812521     2
3172630955     6
3240743342     1
3964453295     1
2262196657     2
2437902771     1
3379098040     1
2686155243     1
1768051132     1
5487165887     1
2977309121     1
5630933067     3
1852453321     1
2499342795     1
5359940044     2
1727045517     1
1777607122     4
2441138644     2
3219325397     4
5276660182     1
3481723351     1
1886380507     3
5690352379     2
3670921702     1
3825672681     1
3283005930     2
1745887727     1
2709342291     1
5268435710     1
3459256822     1
5575102548     2
2816053762     2
3082739115     1
1903587845     1
2316112390     7
2964030550     12
1909699087     1
3788285987     1
1575061592     5
2205491730     1
2006958611     1
5364376086     1
1591001624     10
3307336217     1
2688234011     4
3535450652     7
2218271265     1
2915086882     1
1800811043     1
5578990119     1
1219822120     1
1749742123     2
1714430510     1
5694311176     1
1279169074     1
5095780916     3
5725418037     1
3277365815     1
2816188324     4
3016254017     1
2465407554     1
2626904645     2
3467031110     1
2761298503     1
3923055177     1
5219349066     1
2674115147     1
2653651532     1
1748243021     1
1830060622     1
1849721423     6
1939173970     11
2294788195     1
2971562581     1
5506847320     2
3212915290     1
5678994012     1
5643211362     2
3095625147     1
3957858918     1
3956704017     1
2169210300     2
2059113072     1
1916530792     1
1768014450     1
2868048500     1
1781113461     5
2469695593     1
3446612600     26
2628354683     1
2514694250     1
1985176190     1
2727592577     1
5151249029     13
1783194247     1
5522800167     1
2678239882     1
1904314477     5
2171167377     1
3858432659     3
1973422190     1
3272897174     1
3807019801     1
1850191300     1
3181380254     1
3742376610     2
5615846051     1
2866950612     1
1745236651     1
3916350125     9
1849258672     2
1761198772     3
2725651127     1
5688091320     3
1784099513     1
1935758013     5
1869898431     1
5503808193     1
5690401477     1
2414539465     1
2454946510     1
2208203474     1
5103297236     1
1775792853     4
3555345110     3
1658606295     1
1739596505     7
3534578394     1
5238784732     2
1771279071     5
1847669472     12
2071921377     2
2709389200     8
3519546083     1
1747534564     1
3224497617     1
5678265064     2
3229811433     1
2137481963     4
2372358894     1
3283030141     1
5646583251     2
1712452347     2
5686366972     1
1275138814     2
1892802005     1
2653758210     1
1892312404     1
3669026780     5
1570845453     1
2640659214     1
1851589391     1
1606460177     1
2620485081     3
5692696708     2
2977190683     7
3499287324     1
2455429917     1
5697397535     1
5686825767     6
5692550621     1
5061311283     1
1738498871     1
2058830652     1
1968153311     1
2236320565     1
1040249614     1
1790193803     1
2075358023     1
5419201356     1
2298650613     1
1311175507     5
5095195477     1
1806497547     1
1565795161     1
1779721050     1
1558778715     1
1951642465     2
2464330594     3
2179810147     50
1654186854     7
2971165500     1
1822843755     1
5194814316     1
2617205613     2
1802697395     1
2907042672     1
5668328305     1
1399746707     1
3914609526     1
5687092088     1
2275592340     1
5623911290     1
3120468860     1
3990302123     2
1865450367     4
1997632384     1
3616170134     1
1843561351     1
1828746125     2
2386592654     1
2741986193     1
2381087671     1
1868272534     1
1868789913     1
2856133534     1
1727501217     1
1913467811     1
2546809670     1
5549712295     1
2703741864     1
1719432105     1
1776772015     1
5695488944     4
5520835505     1
1786860467     1
3664638901     26
1886622647     1
5671523257     145
1841836987     1
5443617724     1
2762724285     3
1790788547     1
1789694917     16
3398751174     1
5705343944     1
5649904587     1
5629256654     1
3913520082     1
1828041683     1
2832925652     1
5692761045     2
1900114902     11
5012049420     2
1713169375     6
1733420001     5
1746352977     5
5559051240     1
1940491772     3
3196888050     1
2517308403     5
3243185140     2
1943012341     3
1297236984     1
1692017657     2
3152483324     1
5386678640     2
2429811542     1
1909638151     1
2607789064     2
3891264813     1
2482983947     1
1808892940     2
1685697551     2
2079974417     1
1826919442     1
3811460115     2
5244994580     1
1863420761     1
1886020632     1
2568935674     1
3481576475     20
3185538077     1
3464238110     3
3180262432     25
2706813985     3
3947549731     3
3516646437     2
1418826790     1
1828246572     1
5629785133     1
5586367534     1
3515384883     1
5585609780     3
1628958217     2
1908167737     1
2533151802     1
1962062907     1
1391230884     1
1958708285     1
1985582142     1
3915146304     1
5228422212     1
2143163462     32
2655296353     2
5705475144     1
2822929932     1
1866614967     3
5672178764     1
2773984333     6
5675459427     6
2564113492     1
5374559318     2
5117138010     1
2045863003     1
3631490145     1
3327292514     2
2618037347     1
1087521894     1
1228084327     1
5239129192     5
3215418475     1
3201670674     1
5706871919     1
1752007792     1
5690881138     1
1642341563     4
2818929780     2
1803702462     1
2454189174     7
5538477175     1
5713122424     1
5674484858     1
5576017019     1
5104862333     1
1756402815     1
5713556608     1
2873431172     1
5690623109     1
3181585542     1
5506589831     1
3305903245     1
2780054671     1
1999799441     1
5278151826     1
2548854980     2
1977854831     1
1866769564     1
5151302815     2
5262025889     4
5465080998     1
2260866215     1
2096325804     1
2261361840     1
2043991217     1
1766089912     1
1913463993     1
2782270651     1
1067754684     1
1728998462     1
3916567744     2
5650035905     1
1914521553     1
1642806842     2
1946494497     1
1774884040     1
2296826060     1
1879065802     1
2620552395     3
2108105932     1
3616187597     1
1377031377     1
3956831443     102
3115726037     1
3644164985     1
1161106650     4
1967572187     1
2822898910     7
1179825701     1
1109001441     1
5715424483     1
5676410088     21
2433262460     1
5610136811     2
3109649277     2
1779589331     1
5120525556     1
2537194745     1
5629859067     2
3179361532     1
1725195517     1
2674472191     2
5454963584     1
2058192130     1
3316131371     1
5636125957     1
2713142535     1
3322213640     1
5245736202     4
3078869207     1
5607007500     1
3165852942     11
5038957840     2
1804555537     1
1722979603     1
1228805397     1
2865726472     1
3987394275     1
2989638937     1
1781161047     1
2841093403     4
3193152797     1
5135799583     2
3717621024     6
3514619170     1
2634134823     1
5691008297     1
1978378461     2
1923135027     5
2317489460     1
5190493494     1
3138299195     1
5134996797     2
1760617790     3
1823252704     2
2735070091     2
2054870341     14
3264185670     1
5579928903     1
5692383490     1
2119292240     2
2738455890     1
3213124947     7
1733141844     1
5617489242     8
1768584002     1
2674955613     3
5597140319     2
1894262114     3
5378962787     1
2159670630     1
5723747691     3
5700494700     1
1291904365     1
5693617526     1
1720108407     2
1777442367     15
3781063573     1
2811241367     1
2323096974     1
5200738541     1
3086943633     1
1577518482     1
3713242515     1
5335221652     1
3051140501     4
3161044374     1
2112782213     1
3330602394     1
1296782755     1
1910961572     2
1865344422     1
5381219751     2
2189231530     1
5624916875     1
2802125910     4
5551338929     2
1677526450     3
1915492595     1
3858249140     1
1868231582     3
5629973942     7
5634389431     3
5394867643     1
5323974076     3
2106443197     2
3675932235     1
1764963780     1
2193065413     1
2357654983     1
3036063177     2
5319321035     8
1750300110     1
3607381457     1
3284734883     14
5501724117     9
2340361687     1
3771418072     2
1845188057     2
1860573434     1
2409162210     1
2565273064     1
2781382121     1
1580037610     2
5444625899     1
1911977452     2
2674480623     1
5595985392     1
1723512307     2
5449397751     1
1715820027     1
2363565564     2
1665629611     1
1770579454     3
5297236907     1
5689266274     144
3197969930     3
1760998924     6
3181209101     2
5208585745     1
2255267351     1
1905825312     1
1574637684     1
2694698532     1
2029606437     3
1220265642     6
3242145322     2
5671179819     4
1858971180     1
2304808493     5
1848345523     2
2787149365     2
1741612600     4
3856901689     1
1889108917     2
1621984864     1
1244808773     1
1801094731     1
2843349314     1
5447728677     1
3393521232     1
2654451283     1
3442214484     5
1485271993     1
5019596378     7
2297828957     1
1805456991     1
5426513504     4
2605237860     1
5617942118     3
1955288682     1
5331280958     6
5726447890     1
5646009971     2
3847939701     1
1803849321     2
2123912824     5
1629026580     1
3474400890     3
5015443067     1
5341448469     1
1962423937     1
5461431938     3
2011162902     1
3642930822     1
5681563273     6
1777161871     1
5654124180     1
1597141957     1
5177235105     1
1746150703     1
2941093541     3
1830278823     5
2293487274     1
5385615019     1
3812267693     1
5715175087     1
2168501941     5
1880842555     2
1937082043     2
1711761084     1
5148243646     1
5186594495     4
5490869954     6
1729349317     5
2821473992     1
3909678712     1
3445491410     1
5478353187     1
5674178261     3
5682333305     1
5679003354     1
5462251227     2
1764726492     1
5286151901     1
1777020431     2
1541056231     1
3228391147     2
2992239570     1
1982375662     2
1068467953     1
2685732594     1
5631226835     22
1765897972     1
5631969015     1
2949858260     2
2428040955     1
1772152574     3
1557321471     1
5457057540     1
1442785030     1
3961669932     1
5227017994     2
1742709367     1
3033982565     1
2056963860     1
1574442774     1
1877282531     2
3518838552     1
5444790043     1
1587898140     1
5384775457     1
5715253026     1
2103973667     1
5602707236     1
5726028082     4
1315591982     1
2395461423     1
3737544502     123
5724735289     1
5099984698     1
5297239868     1
1786808125     1
2958360885     1
3169687627     4
2716006212     2
1930905910     3
1495868741     1
5228029767     1
1861330760     1
3205580617     2
1732912974     6
1777878863     1
3195733840     3
2132440915     1
1916557140     1
5532460886     7
5332068183     1
5648234328     4
1518966617     1
1783146127     3
3567121542     2
2451838815     7
5582975291     4
5726680934     1
2236139367     1
2643617641     2
2153953131     2
5369620333     2
3159488370     8
2633901941     2
5055543161     6
2692806531     1
1773066117     1
2178987911     1
5613922184     4
5230876557     1
2747479227     5
1612097433     3
2665507251     1
5663344541     2
5691930527     2
1804679072     1
2310952867     2
2651461540     1
2640426917     1
1750497192     1
1755359145     1
1635818482     1
5270124462     13
2054330287     1
5241649076     1
5336827829     1
2289277940     1
2034970271     1
1927391165     2
5400512449     1
1733813921     1
2109863880     1
2574546890     25
1764050894     1
2609854415     1
1793000440     2
3472590802     1
5655002787     1
5644842965     1
5286930390     6
3219523543     1
1924872152     1
5701617625     1
1290401755     1
5046437852     3
2004907997     1
5379712279     1
2037196773     1
2074910375     3
2130659311     1
1677932534     1
3876866041     1
5270956026     1
5590198268     1
1789450237     1
2293606400     1
1788504065     5
1644017667     1
3290265604     17
1583605767     6
5443753996     1
5626030093     2
3192793104     1
2213089624     1
1777416212     1
3551426585     7
1589835802     6
1672407067     3
2204260380     1
1850016090     1
5309945886     1
3967731746     3
5620863075     1
2790985393     1
3708827694     1
3419886600     1
2215229490     1
1712326707     2
5536368145     1
5278431286     1
3168917564     1
2478774624     1
1732343877     1
5347555398     1
5208234056     5
1275562057     1
1869801547     7
5343017038     1
2230327375     1
5319602609     1
5660932178     1
2607581267     1
2697087061     1
2698102870     1
2309879895     4
2394576984     2
5587597668     1
5648902236     4
1287988437     1
5575985786     1
2625098494     2
5264772795     1
1944483940     2
1746258024     1
5253576380     1
5685778540     1
5336086637     1
1731221614     1
2260695151     4
1840908400     2
3186198641     1
1739450484     4
5601392757     1
2960894073     1
2010847355     1
5050308734     31
1771886720     1
1785546881     7
5535520900     1
2784831452     6
1822591113     1
5324970122     4
1883801742     1
3822010127     1
2885904532     1
2030631063     1
5672106137     1
1308113050     4
3915995294     1
3931867295     1
2127087777     3
1952130521     1
5457033383     1
1689323694     1
5625219247     1
2417793200     70
3174232074     1
1909744210     1
2371318814     1
2707273910     1
1579624631     1
5681019066     7
3168057531     1
3557902525     1
2175105215     2
5650065540     1
2641598661     1
3846701949     1
2810648780     1
1747134670     2
1881004241     1
1776549963     1
5631895764     4
2749356245     1
3072936151     1
1975228632     2
1091750105     1
3166406874     1
5103118557     1
2870125605     2
3280087272     3
1872197865     1
5538832082     1
5326035183     1
1940314355     1
1882372340     1
5267587454     2
2060568823     2
5280688377     1
5657196794     1
5485893885     1
3270236415     1
3511322885     1
1757632777     1
5714864394     1
1750218455     1
5298231564     1
5613396354     1
5686081806     1
5642455314     1
5217405203     1
2656074004     1
1941260565     1
5565151510     5
5690255642     4
1308653851     1
1795479837     2
1466554655     1
1728346403     13
5368518950     2
2175932712     1
1711016233     2
2637678890     2
2233120797     1
1684457774     1
1656310063     1
1865052312     1
1662742920     1
1908867082     1
3385166134     1
2163902775     1
2626926907     1
3945707845     1
1969084743     8
1749662025     1
5236832586     2
2818922832     1
1984149841     1
5705505106     7
3206188771     2
5642848596     1
1774605710     2
1893030232     4
5533641049     1
2155882842     2
5727136095     2
2133563744     1
2745170273     2
1750284644     1
5627578769     24
5473941866     1
5355993452     3
2263431535     29
2035112304     1
1934662005     1
5710829942     1
1746155924     1
1733466493     1
1752222081     14
5666539243     5
5253998980     1
5344268694     1
3742955912     2
5046270346     1
5591075223     1
2697648524     1
2004703631     5
1651075473     1
5689608594     1
2123831700     1
3910855063     1
3256826267     2
5270243741     1
1787099550     1
2031729055     1
1683962272     1
5390571937     1
3167578530     8
3471698344     1
5487454633     1
5639473578     1
1707780523     3
1766787500     1
5699824046     5
1787320753     1
1639493363     1
5699826761     1
1788740215     1
5623822781     1
5546215871     1
3855034816     15
5520562629     1
3229813153     2
5543188936     1
2165950921     1
1833458122     17
5673220558     1
2578749903     6
5455747538     1
2082541987     1
1791175124     1
3150174677     1
2663487963     1
3403659740     1
2372614622     3
3263699424     1
1686282145     1
2615716325     2
5707061737     1
2785729002     1
5227293163     1
1891842540     1
3287132655     1
1358924272     1
1400961522     1
2865916404     1
3513260533     2
5675510262     2
3748289015     6
1864284664     2
1832045050     1
3900393980     6
2037039531     1
5288815108     1
5620800005     1
1869163015     1
3790776840     1
5698316810     2
1867803147     1
2607233552     2
2314172947     1
5573552661     1
5674113558     2
2673884461     1
2706541082     1
1898093083     1
1351268893     9
5697202718     2
2002987552     1
5518480175     1
1706953250     1
5472934436     35
2149730054     1
2510465574     1
2369583655     1
3195636264     1
1864182314     3
1741838893     1
2672937520     1
1788058161     2
1722407475     1
1321048630     1
2708318864     1
3085077051     5
3389622844     1
5095094845     2
2050562622     1
3623410241     1
1770871363     2
2112793157     2
1715084027     1
3246123594     1
3148323407     1
5660555858     1
2035055715     4
1954032213     1
5583850070     1
5702662743     2
1802791512     1
5538859609     2
3201519375     1
1761921630     1
1729530463     1
2376534624     1
1810459234     2
5404551780     3
5614638182     1
1732741737     2
1889715303     1
2641994115     1
5618371186     1
1904921203     1
1739733620     1
1762724471     1
1637276282     1
5111478907     5
1765296764     1
2448616063     1
2843409024     1
5456956033     2
1834404482     3
1509530244     1
2389506694     1
1904081545     1
2511698570     1
1737177742     1
3319372431     2
1574607504     2
1324804753     1
1790159507     3
5512665749     1
5361371806     2
5264140959     1
2517240480     2
2816087152     1
1812470434     1
5729663654     1
1153365495     1
2248568893     1
1829296817     1
5664778931     1
3517151927     4
3517577912     1
1748904633     2
3226446524     3
5608332405     6
5653674689     1
1767918280     3
1382324077     1
1933716172     1
1766070050     2
3597871823     1
1800608465     5
2201795284     15
5650516693     1
1715432151     1
3651566302     1
2818910943     1
1767459552     1
2139110115     1
2186115813     1
2858860722     1
1762192104     4
1973144297     2
5231033068     1
1774848751     17
1805228785     1
1774148340     2
1969125295     1
5626493688     1
3074083284     1
2337020667     1
5267065597     1
3714554622     3
3721169665     2
1746369282     10
1739295492     1
1893182213     2
5065767687     1
1982610184     1
1713015562     1
1760566031     1
5123164948     1
1801095961     1
3182074650     1
1952601903     1
1733434140     1
1586556521     3
5377169883     2
5324061476     1
3649800997     2
1721420584     2
1880509225     1
3275336490     22
1931523207     2
1705462572     1
5043108653     1
5627431727     4
2204576563     46
2406304222     5
3656555320     3
3221728057     1
2956438331     2
3200428860     2
5562063678     2
1399245631     1
5321613314     4
5313420102     4
1883593550     1
1802030532     1
5260950353     35
3389160274     3
2571193174     1
2238400313     1
5647776600     1
1769827161     1
3223022427     1
1813056352     5
3839372129     1
1891826534     1
2102868847     1
1917307760     1
1973328753     1
2625629042     4
1742440441     2
1669626741     1
5076556664     1
1784667001     19
5542034300     5
2612845437     1
2286103422     3
5638078954     1
2937330155     1
3868822678     8
5252086662     1
1907141511     17
2082765705     1
1938545547     4
2349906830     4
2118994832     1
1737407381     2
5544852377     1
1945316250     4
1861233174     1
2875784097     3
2197978020     1
1777351593     1
3735301034     2
1741281095     1
5286902700     1
1768344050     2
1736502190     2
5314571183     8
2786043345     1
3939445684     4
3181317045     1
5235743671     1
2386998392     1
1167145914     1
5537676220     1
3541109237     4
5480849227     1
5084212166     1
1757245033     1
3215653832     1
1737563081     1
2294233591     3
5639891916     2
5676207053     3
1884584910     2
2026040271     1
5418417104     1
2805114702     1
1770494937     1
1036008413     1
1768184812     2
3592362990     6
1720388594     1
1805417460     1
5508951029     1
3483850580     2
1867176955     1
5681581053     1
5445745662     3
1778035715     2
5285338117     1
5389076341     40
1846754313     1
1862515722     1
2091960151     1
5706959884     1
5202330114     1
1731922960     1
2681457155     1
3852275593     1
1740345177     1
5641608216     2
2546203140     1
5126409245     1
5077447326     1
5611913733     1
5351173399     3
5203668002     2
1881193507     1
1862954021     2
5511171110     1
2608993457     1
3312700457     1
5583461420     1
1787698223     1
5321484705     1
2892752734     1
2816166967     1
1156844600     1
1957551161     1
5580323902     1
1398324294     1
2024558433     1
1686879832     1
5694233674     1
2990857292     1
5395934292     1
1198644310     1
1752337495     1
3695811673     3
1765034070     1
5627927056     1
2769099875     1
2108664933     2
2912403985     1
1619152162     1
1731279983     2
2254793841     11
2579283061     3
2869640310     2
5696273529     1
2620157051     2
5099128902     1
3886083197     1
1998785663     1
3884278976     1
5548694658     2
5161725060     2
3091790981     1
5379882126     4
3766664335     1
1638706324     1
1854311574     1
5027503255     1
1882680262     1
1700994830     1
2237320355     1
2735639717     1
3340821210     1
3792850090     2
2563427500     2
2003365041     1
1602358451     1
5698747578     1
2005351614     1
2023947455     1
5730999488     1
5667032258     1
3136824523     3
2462850244     1
1899330081     1
1658704130     2
3867819212     1
1758452943     3
1722543312     1
1832193234     1
5705482787     1
1644928214     1
2008644823     1
2787089624     1
3175992537     1
1565745304     1
1976720603     1
1993768157     7
1226218721     1
5644094691     1
2605878500     3
3949640934     1
5696675048     1
2344078573     1
1786141934     1
3870563567     4
5049302258     1
3616318675     1
2341240052     1
3837119738     1
1984154875     1
2918948092     1
3629998125     1
1851405525     1
5704662274     1
2158779652     1
5135162582     1
3913501960     1
5125774551     1
1856703704     1
1648737555     1
3576405271     1
5048118554     1
64679199     3
5338311969     1
1826376994     1
3273643227     1
2836139300     2
1734726933     1
2824133933     1
1686023477     2
5688454454     1
1785953591     1
2398973243     1
1763585343     3
1882496321     1
3852106294     1
2030939465     1
2940214604     1
3065982285     1
2882014542     7
2215837007     1
1649151203     1
1705737562     4
1774239067     1
1749581150     1
1919728991     1
2104528224     1
3931885456     1
2049461602     4
2901749091     2
5239360868     1
1310586587     1
5591354728     9
2465869163     1
5386747244     5
1864064914     1
2891713902     1
1772330353     1
5719842939     1
5694762356     1
2490551671     1
1886821752     1
2014522745     1
1928947605     1
3052915227     1
2189958531     1
3331382662     2
1919196552     1
2652558463     1
2370178444     2
3281812335     3
5044333968     1
2049793425     1
5310631928     2
2643525020     1
1294081437     1
1727200673     2
2785449514     1
5693201830     1
2236714407     1
1657351593     1
1717058987     1
1820806573     1
2115263920     3
5672295864     1
5724372212     1
3407920570     2
5399814047     1
3618799040     8
3669028292     2
5308853703     1
3312610763     2
2436328910     1
1936326095     1
1878318545     2
1464155602     1
1672752597     1
1705172440     1
2650168793     1
2738470365     1
2831277533     1
1871285727     1
3976280099     1
5631802854     1
1963167207     2
1645826642     1
1702043764     1
5302072573     2
3592547825     1
2628504147     1
5705149941     1
5491727865     1
2941636092     1
3124395517     1
1750798251     1
5055028741     1
2556276230     9
1280327177     5
3659034124     1
1801983234     34
5090342829     1
5678467672     3
5400169303     1
5709499923     1
5187313176     1
3791919354     1
3290746395     1
5121941021     12
3787296287     1
2004831781     1
1683590694     3
2412822055     3
2621706844     1
1191357994     8
2539896365     7
5591182894     1
5357014575     1
2438078000     1
5705190961     1
5680623366     1
2641284661     1
1755319863     3
5015412282     2
1750597180     1
3322252862     1
5666176575     8
5577853536     1
1906343491     1
1783393861     1
5100912199     1
1928867404     1
1039166050     1
2743275087     2
1715695187     4
1994591831     1
3071109370     2
5648301657     1
2545454682     1
2860684230     1
1758232157     4
5635305057     1
2961800802     1
3652947555     1
1689490022     1
5319765606     1
5605117545     3
2148703850     1
5069864557     1
5411326643     1
1915944567     1
3946974844     1
1531670142     2
5411742997     1
2330177534     1
3912097415     1
1844309271     1
3782684300     3
2868272782     1
1577373327     1
1563291280     1
1742212753     1
3056557715     1
1954123412     1
5679287960     1
5184958105     1
5709995674     1
1739263643     1
1805045404     1
5700365594     1
5315706526     1
1737686687     9
3209916067     1
3849097158     1
2032172711     1
2490044074     4
1362296491     1
3953258156     1
3350172894     1
3174873032     2
5339401503     1
5605404349     1
5221916353     1
5446614722     1
2059755207     1
5505556171     1
3759460045     1
2665070290     1
2685746902     1
2155204311     1
2462620282     1
3168882400     12
1764085474     1
3178647267     1
5656035044     3
5454798566     5
5660391377     1
3558018792     1
1861877484     2
1739399122     1
5107711726     1
3984805619     2
1676488437     1
5305896694     1
1977552631     2
5536673530     2
3764313851     41
5690711804     2
3942954965     1
2373130880     1
1937047302     3
2001817351     1
5036265224     1
1055469325     1
1890946830     1
2265095951     1
5043175189     1
1728874457     5
5594324763     2
2182430502     1
2255118120     1
3249063900     1
5527473962     1
1807568684     2
3579215661     9
1814901330     1
2491633462     1
5109432120     2
2523545405     1
3478556627     3
1862287167     1
5529444163     1
3059445577     1
1776197451     2
1722523474     1
5383356247     1
2553405273     1
1574625935     1
2661838821     1
5683613537     1
3303677794     1
1893142373     1
1250557160     4
5627446334     1
3814793069     1
2430197614     1
3643576180     1
2957182270     1
2282917750     1
5704617849     2
1659481983     1
5242587115     2
2309730180     1
2648203141     1
2544779142     1
2694623111     1
5698629513     1
5677092746     1
1717374860     1
1941680013     1
1095659407     2
3488922911     1
2167263122     1
3936616342     5
5177089944     2
2038738841     4
3920756637     1
5384045893     2
1770827681     1
1833168802     2
1804582820     18
3951964145     1
1921687465     1
5703577515     1
2068918191     2
2520303560     6
1657166494     1
5590011830     1
1927122871     1
2674368443     20
5683838911     1
1980733515     1
2645147587     2
2686840774     1
2131386312     1
5515288521     1
2723119053     3
2353184077     1
2964840400     1
5671378897     1
1832308690     4
5057638355     1
1920016341     1
5542670329     1
1649098713     1
2092810204     1
1959612381     1
3310575521     1
1895538661     3
5589774311     1
5679001576     2
5198495722     1
1798504427     1
1994403825     1
1871683572     1
1978781685     1
2393985705     2
2036966011     2
1342042105     1
2180366330     8
1802846205     1
3869605886     1
2597797887     1
