Total number for brand katespade is : 5611

 UserId      Number
-------------------
5611749378     1
2884050947     1
1814896644     1
1765744647     1
3147505672     1
2607063050     4
1405781980     1
2635563023     2
5186330640     4
2106105875     10
1434845204     1
3851699547     1
5682274346     2
5582553133     1
2018435120     2
2729869320     1
1930218163     1
1852967407     2
5625290812     1
5723127818     1
5334417472     1
5040668739     6
1403412551     2
1197645900     1
1633132621     1
1942540235     1
3638042703     2
2827386967     2
5643788376     3
2723349860     1
3626606683     1
1828041683     1
2103574627     3
5623980135     1
3226446524     2
2797273194     1
1941487725     1
2204418162     2
2678857843     2
2574778484     1
5109325942     1
3580174455     1
5213880451     1
5626757252     1
5410996357     5
3654850933     2
3332317324     8
5599568015     2
3616170134     1
1833738392     3
1911021724     1
2061238433     2
5097562275     1
5279162533     2
5546025135     3
5151817913     1
2099962045     1
1730773182     14
5682593983     1
5300256960     1
3177849025     1
1070497992     1
1720108407     1
1837498575     1
2100895955     6
1950073045     11
5631197402     1
2378850524     1
2672926943     6
5035442404     1
2034426093     2
1463365672     1
1705812211     1
5617877239     2
1880326392     1
5503615018     2
1880678657     2
3846463746     11
1833951500     1
5708620046     1
2203599121     4
1943585044     1
1257128217     1
1824571682     1
2955018533     1
1908556073     1
2000027947     1
5697593646     2
5726028082     1
3517497651     3
2343084342     1
1880842555     6
2390524220     1
2293379125     1
5723021632     1
5717691104     2
2152161604     2
1767063883     1
3634848083     1
1301799254     1
5297365342     1
2879168864     37
5536850273     1
1727062370     1
2445107555     1
5651765990     1
3043549543     1
3899441519     1
3736142197     1
5236466041     1
5670740346     1
1874395515     4
5267587454     7
2604127637     3
5506392448     1
3166765444     1
3222503814     1
5365309832     2
2063507854     1
2140823953     1
3007922580     1
2083971477     1
2248813295     2
5510873501     1
5570879906     2
5641306531     6
5723160999     2
2037039531     1
1246921134     4
1802445231     1
1792442803     8
1676263862     1
3565093303     1
2977309121     1
2650571205     1
2487935431     2
1738318280     9
1952817611     9
3545702860     1
5602017742     1
3930390992     1
2474705361     4
1777607122     1
1910961572     3
1865344422     1
2630459881     1
2648695277     2
1746264562     4
5671199219     3
3688235512     1
2800234580     1
2284749314     1
2040349203     1
3193266710     1
1591001624     13
1101021723     2
2547851814     1
5266448937     1
1824514620     1
3016254017     4
2933193907     1
1788072034     1
1849721423     2
5234188880     2
5143880284     5
2373272160     2
5706728036     1
5295166908     1
5303575146     1
2106443197     1
2056872567     1
1761198712     1
2532535060     8
5362860667     11
1679770237     4
5686108798     1
2650833551     2
2795340432     1
2105500310     1
1864558020     1
1828151962     1
5615846051     2
5129306789     1
2233189032     1
1898087081     1
3916350125     3
5709841070     1
5401641647     2
2011816051     1
1702043764     2
1931070240     3
1979818691     1
5087093452     1
5679342285     2
5679416018     1
3885589205     5
5238784732     1
2774213341     1
2413994722     2
3519546083     3
2809455333     1
5690409705     1
5445013629     1
2100937457     2
5646583251     1
2286551801     1
5154652922     1
2628240125     1
5608719829     2
2693989122     2
2775704325     1
2166113033     4
2206450445     1
5043108653     1
2641845795     2
3099214611     1
2420081430     1
1373618967     8
1680212100     2
1771528987     1
3262726940     6
2469167903     1
5695677915     1
2093908772     4
1417064582     1
5076099881     2
3994960686     1
5672780592     1
5341373239     2
2043044672     2
1872200514     1
5476762435     2
3899589446     1
3657401161     1
1913709393     2
1750172502     4
2179810147     10
1807819622     1
1822843755     5
1802030532     3
5270111087     1
2835989360     16
2606793585     1
5332068183     1
1888199541     2
2838184822     1
5591647100     1
2152801151     3
1746355075     1
2201641860     1
1843561351     2
5138170765     1
2386592654     1
1749024920     1
2448941974     4
3854672791     1
5064287134     1
1891312545     1
5132474580     1
5039389510     1
5695488944     1
5677761457     1
5492040635     2
5708473282     1
1569424323     1
5675172806     1
1995965812     1
1678128632     1
3215294627     1
2955707354     1
2679481307     1
5357289637     1
1733420001     1
3652139675     1
2827830247     1
2615206890     1
5331403761     2
1622311924     1
1943012341     1
1793000440     1
1692017657     5
1782465531     1
1586062334     1
5603058690     8
2616632323     1
5692195847     1
1708082185     1
5061960722     1
2621860697     2
5174739995     1
2716410913     1
1675600932     1
3821937701     1
5353563174     1
5310591153     1
5541987368     1
1662362667     1
1770275885     2
5278327855     2
5696332850     1
1870267443     1
1758061625     1
5025014842     2
5331280958     29
3930663776     1
5228422212     2
2525021254     1
1150637580     1
2449368141     1
2964030550     29
1019314361     5
1739252825     1
3200656474     1
1883227227     1
3173033054     2
2149786722     1
1296554854     1
5239129192     1
3249063900     7
1930634353     9
5708072050     1
2910291063     1
1746109561     1
1722500221     1
2196325511     1
5369955464     1
2158118025     1
5577409677     1
5652341902     1
5519885455     1
2681996433     1
2103136452     1
2632967322     3
3494765725     1
5262025889     1
2911044775     2
1783989417     1
1913463993     2
1258792122     1
1786000927     1
1437301621     4
5143299267     1
1221485764     1
5682783431     1
5532107976     1
5015979210     1
3136824523     3
2151171282     1
1821623507     5
3961603287     1
3499566300     1
2822898910     6
3774399717     2
5676410088     2
1893074153     2
1828013293     1
1879401712     1
5087929585     8
5120525556     1
2286103422     6
3921978618     1
3259393275     1
2836399362     1
5671179819     1
2809881862     6
3909084424     4
1143522571     1
5687231756     2
1791550735     1
2271536401     1
5360887342     3
5082916122     1
1578124847     1
3717621024     13
1783145767     1
1438237994     1
1509156140     1
2880398637     1
1746150703     2
5619787057     1
1768244532     2
1891796277     9
5190493494     5
3040298297     1
2579645755     3
1760617790     9
5384045893     3
3264185670     10
3800556873     1
1142510895     1
5467227473     3
2738455890     4
1892312404     13
2656134485     1
1782474073     1
2639136091     1
5381825885     1
2679020432     2
1894262114     16
2262967652     1
3358205292     1
1967580531     1
5079893364     1
3476866421     7
1418298743     1
3642746234     1
1971856763     10
5373150591     3
1830487425     1
1748755847     1
1589806477     1
1577518482     1
5032691092     1
5598587801     1
5675238821     1
1865475494     2
5381219751     4
5591500202     1
1955997111     3
1775486394     1
5456692667     1
5171332541     1
5046060478     1
1654040004     3
1735067077     16
2558215625     1
5319321035     14
2024785363     1
2319721941     1
5173749207     2
1824163291     1
1788364253     1
2409162210     1
5691704806     1
5444625899     1
3211027955     20
2116634103     1
2363565564     4
1770579454     5
1276216833     1
2482161157     1
2913641993     3
3197969930     2
1834305035     1
1394820623     1
5094811157     1
2092082714     1
3332474402     2
2672338470     2
1651770921     1
1998374445     1
5247428142     1
2070865455     1
2087945777     1
1891223090     1
2669119031     1
5669234233     1
2178696767     2
5367834177     6
5684291149     1
3393521232     1
3442214484     9
2450441814     1
2431665757     1
5064984159     2
5426513504     3
5401552481     1
1419748962     3
1793795690     1
1809671792     1
3474400890     2
1864017535     1
3919390337     1
2681710214     1
5681563273     1
2791122571     1
3785803413     1
5207843097     1
5731354712     1
1670571673     1
3222619804     1
2379253407     2
2941093541     1
3810592423     1
1841800874     1
2501928620     2
3913331789     1
2634139311     1
2291869361     1
3607701173     2
1940899513     1
1719273155     3
1743193797     1
1400628934     4
2821473992     5
3736536783     1
1788708563     3
1884584910     10
5532157654     1
5240006361     3
3907430106     3
2071406302     1
5700159199     1
5549721315     1
1541056231     1
2235926250     1
1289758444     1
1990051573     1
2686519031     2
5139286997     1
3230656260     4
2100496001     1
2393597704     1
3968984843     1
2155034242     1
3240446061     1
2056963860     1
2721335067     1
2836260642     1
1414162221     1
1769744174     2
3283030141     7
5703051056     1
2265909041     6
5032324691     2
3737544502     17
3901769528     1
3846997817     25
5720442682     1
1786808125     2
5217716035     1
5677459277     1
2910537550     3
5171251024     2
3835553621     1
2091960151     9
1865394014     1
2001291110     1
1775069037     1
5389076341     1
2785413727     3
5108492160     2
2768668545     1
2321745794     1
3696273283     1
3224438662     3
5613922184     15
3836880777     1
2075019151     1
5688575889     2
1683597204     1
2811905941     1
5269280775     3
1909163930     2
2551236512     1
1659440112     3
2521786274     1
5319059367     2
1581361065     1
3847907248     1
1857210290     1
5336827829     1
3319236534     1
2205829047     1
2168899512     1
5592672186     1
1873766334     1
5400512449     1
2520303560     1
1610254282     1
2809341902     1
2716461011     2
5286930390     21
3309971415     4
1728874457     7
3849668570     3
3669026780     20
5549410693     1
5242587115     7
5716413437     2
5626062841     1
3433089020     1
2293606400     3
1583605767     1
1807263404     1
3502991370     1
2187298830     5
1735845903     2
2824022032     5
3891406872     6
1848649753     1
5690738714     1
3872925726     1
1791936545     1
3967731746     1
3243042852     1
1740114950     1
3670618460     1
1803307053     1
5031733300     2
1273334953     2
1307379780     2
1914259525     3
1869801547     1
2995603533     1
2495834194     1
1765034070     4
1575061592     22
1294911580     1
3984877661     1
2387069022     2
3192996197     4
3899672672     1
1803208802     1
1864591460     1
5609393169     1
5549607018     2
1904314477     2
3830720625     1
1739450484     9
5465704566     3
2142070905     1
1191938174     3
5690640511     1
3832203392     1
2656274561     1
5692696708     5
5476935817     1
2265475210     1
2550458507     1
3908192396     1
5451106450     3
5619116182     1
5671856279     1
5199964313     3
1752156314     3
5583028591     1
1729349317     3
5196408992     1
2127087777     7
3296970914     1
2893465765     1
5674625190     1
2045298855     1
1778026665     2
1706772654     5
2754193590     2
1188884852     1
3224324282     5
5217888444     2
1859061950     1
3607120070     1
1374963915     1
1265379533     1
1747134670     1
2716219085     1
1740949713     1
5631895764     1
5699750102     1
3885017310     3
5399226591     1
3280087272     1
5575045500     3
2076936427     1
1764608240     1
5716035825     1
5589821685     1
2232477950     1
2249086677     1
3688839707     1
5247117570     1
1896589575     1
3926165769     1
5314480405     29
2282772185     2
5690255642     1
5678573852     1
5126711582     2
3921594659     2
5688379684     1
1711016233     1
2615478570     2
2865359150     1
3265915184     1
2247690545     1
2786757684     1
3802106172     1
2150404490     1
3966798170     1
1807198555     1
5622385005     1
5029144947     1
2143177080     1
1647200635     1
1768859370     1
1752222081     9
2280624534     1
2730576267     1
2075724175     1
5627578769     28
2021091731     1
3910855063     1
5550500249     1
5212555676     1
1742007365     1
2692614560     2
3167578530     1
5549336995     1
2518550953     1
1642306631     1
1960282540     1
3154577840     1
1974947151     1
3552307635     1
5250012916     1
2201815482     1
3861424574     7
3855034816     14
5156071873     6
5034166725     25
2629134792     1
2665769417     2
1007503820     1
5668934051     1
3074083284     3
2669370973     1
5703152037     6
2588412384     3
2009024993     1
5252041188     1
3646024165     2
1750133224     1
3287132655     2
2323032564     3
3541109237     2
3627993590     1
1005177335     1
2931935737     2
5692951034     1
2581522942     1
2681457155     4
5474519560     1
2419585454     1
5605599767     25
2606762520     1
1934830105     1
3252161054     2
2590042657     1
1850690083     1
5586086441     3
1864182314     1
1867508274     1
5100253619     3
3116583483     1
5308598857     2
2124483147     1
1916217933     1
1914828557     1
2937211472     1
3481004625     1
2040597075     9
3840043605     1
1951117753     1
1712065113     1
3907455578     1
2118445663     1
5577853536     2
1810459234     2
2078042723     1
5404551780     9
3804891751     1
5395425897     1
1909271147     1
3192654450     1
1859275380     2
2132937337     1
5575985786     2
2713422463     1
2645330561     1
1834789510     1
2310011927     4
5389068953     1
1731279983     2
5195877021     3
5645093534     2
1676511903     1
2113260192     1
5382974119     9
5671774890     1
5411326643     2
5483899572     2
2368891574     1
3482241721     1
2863360700     3
1285573312     5
1109977794     1
1767918280     1
1800988020     3
5135133387     1
1933716172     1
5516241614     1
5102922451     1
2316616142     2
1763986135     2
3277138651     2
2099735264     1
2813381350     2
1858185964     2
5166189293     1
1774848751     1
3810265852     2
5679205122     1
5171309317     8
1646676743     1
2246445833     1
5576420115     1
2163084052     1
1803537182     1
2121034527     7
3262434080     1
5313382193     2
1721420584     6
1880509225     1
5627431727     1
2532600624     2
3367258930     4
2204576563     14
5417003829     1
1118833464     10
2653260602     1
2989951803     1
3200428860     1
1366485824     4
3262393154     6
2378173253     3
5705710381     1
5574855501     2
2687190841     1
5242800984     1
1863420761     1
2910571354     2
3567954782     1
1813056352     1
3839372129     3
5377543017     16
5696072557     1
3268127600     2
5485325175     24
2942790523     2
5672455038     1
2306296704     1
3221769091     1
2625973127     10
5625113482     1
1717037965     1
5577649042     3
2716006212     5
1945316250     4
2378296223     1
5719075745     2
5707746210     1
2134100904     1
3735301034     5
2479410091     1
2873281471     2
3922643909     2
1949690825     1
1689660362     3
1297238987     1
2337516492     1
5290134477     1
5276552142     1
2151500752     2
5674470353     1
2549623762     1
1732912974     4
1644112857     1
2913359695     1
1848110044     2
2161125200     1
2505640930     1
2450164714     1
3215059947     1
5235002352     1
5461224434     1
1746504693     1
2952481782     1
2991949685     1
2823613432     1
5681581053     3
2035239935     1
1778035715     3
1750371334     1
5537434632     2
1831087113     1
5292092427     3
5706959884     1
1939500047     4
5608803345     6
5644487699     1
3964509358     4
5680565273     1
1891863582     1
2663738401     1
5127316335     2
2835549220     3
2081066033     1
3273055411     1
5129712730     1
5374559318     4
5585914942     1
5745716289     1
1800154180     1
1911114821     4
5650418759     1
5591583817     1
1014156362     3
5419674702     3
2176150612     1
2802125910     11
2166467677     1
5726680934     1
2592885862     1
2010352745     2
5395557488     1
2254793841     1
2680491125     1
1434102903     1
2096458872     3
1830620283     1
5707828358     1
5023141008     1
5333011608     9
5677837465     3
2614348960     1
2009719323     1
2735639717     1
1851083944     1
5227809961     1
1788185772     1
5607320749     1
1724542132     1
1752411337     8
2049019070     1
5651623103     1
5667032258     1
2164649163     1
5165583561     5
1676422347     1
1722543312     6
5652320278     1
5612178647     1
1841671385     1
1565745304     9
1758452943     1
2025188574     2
2476035295     1
2605878500     1
1488129254     1
2968399081     1
3692621034     1
2344078573     4
1694168957     1
5355515126     1
1794452730     1
1926294780     1
1890454781     8
3367947520     1
5465754884     1
2893974793     1
1737747723     1
1236897037     1
3108128643     1
1654186854     3
5700365594     5
2695810332     1
64679199     1
1952877857     1
1220201691     1
1658342692     1
2822409510     1
2057489707     2
5395836206     2
1993768157     1
5504006024     1
5093821755     1
3814649153     1
1765870915     2
5689142596     1
1763915660     1
3065982285     6
2882014542     3
3314355535     1
2763148631     1
3617156440     1
1980671887     1
2049461602     1
2901749091     1
3189001574     1
2101300590     1
5515390329     1
5726432646     1
3873579585     1
5687340426     3
2370178444     1
5044333968     2
5663387025     1
2704354707     3
1692085652     2
1770843541     1
2084883863     1
5024165272     1
2156760473     2
5667900827     1
5627432352     4
1720143267     1
3266080164     1
1847152041     2
1794592170     1
2380262837     1
2218192311     3
5531700664     1
2300677561     1
2183450042     1
5237929887     1
5656030656     5
1917357505     1
3669028292     2
5732535542     1
2295582152     1
1808090484     2
1968098765     1
3224497617     2
3947466195     1
3191311831     1
3102551515     1
5692550621     10
2583563744     1
5678722532     2
2473605030     4
2038967782     6
2479140331     3
2526621164     1
5379314258     2
5679762685     1
3063467505     4
1443884531     1
2161354665     21
1620815352     1
2682449401     4
5235994107     2
1940491772     4
5178520149     1
5678935552     1
3421736452     3
2556276230     1
2733739527     2
1628958217     1
3659034124     2
5270124462     1
2031775255     1
3290746395     1
5632772016     2
5584973350     1
5103939111     2
1784722300     1
1191357994     2
2152549931     1
5478837806     1
5357014575     4
1812885040     4
5331586610     3
2719796793     1
1849085502     9
3187076672     1
1260465730     1
1801496502     2
3521712737     1
1767206473     3
2644520523     1
3108023565     2
5682458195     1
5688872533     1
5635305057     8
2696687202     3
1724878437     1
1768563484     1
1745432172     1
3460304494     1
5485989489     2
1797148275     1
1653952121     1
5419331194     5
3946974844     1
5687324285     2
5444013701     1
5473562247     1
5671947912     1
1875409397     5
3782684300     2
2052681361     1
5711498898     2
3393572502     1
2231643802     1
5685997212     2
5048118554     2
2128244382     2
5315473056     2
1932627623     3
2479917000     1
1166470837     1
5672087223     1
2826137273     2
1841680061     2
3981882923     1
1661693634     1
1980387011     1
2898210505     1
3759460045     1
1991380687     1
1762897620     1
3764479950     1
3161026262     1
3173854500     6
5119053530     1
1853351387     1
1667542751     1
3168882400     2
3206188771     5
2239205095     1
3984805619     2
2040966901     3
5305896694     2
5501849335     1
5627547385     1
5310197499     1
5641342717     1
3885461246     1
3925931989     1
3264401152     2
3140185860     2
2703322885     1
5036265224     2
1055469325     1
1820987150     4
5460553487     1
3641700113     1
5352410899     1
3720269102     4
3246362393     1
3287854875     1
5617495839     1
5483370107     1
1728122663     23
2784831452     1
1976209195     1
1766756141     1
5112581941     8
3143659322     1
1743540034     2
5376937796     1
2498752330     1
1751887694     1
5243481942     1
5061373784     1
5175988058     1
5306855262     1
2024558433     3
2397974370     1
1931079531     1
1738870645     1
2369228663     1
5251755901     2
1796804482     2
5067026307     1
5592927553     2
3852275593     1
1717374860     1
1866780557     1
5671804728     1
5070794641     1
1767952275     1
1585754005     1
5604224919     1
3251294104     1
1846742941     2
1433292704     1
1770827681     1
1833168802     2
3232116644     2
2396934053     1
5335642024     1
3966619561     2
5251985323     1
5665140653     5
5404479411     1
5328687028     2
1798336437     1
2660315064     1
1895133114     1
1854222271     3
3509825472     3
1794109382     1
1815148535     1
3294875597     5
5669040083     1
2866499544     1
5532974415     1
5384744937     1
5543205516     1
1831481333     1
5214269432     1
5542670329     1
1775423484     1
5379584002     3
3579809797     5
2870065154     2
2316906513     1
3787067410     8
2007240723     2
5384802324     1
5073612821     1
2814291990     1
1750355991     1
1752838173     2
2370293794     15
1790595107     1
3973025831     1
5551607848     5
1730244651     1
5369679916     1
2677190701     11
3946205234     1
2160087093     1
5308289085     4
3082661951     1
5571448897     1
5540646979     2
1178751060     1
2467115093     1
2683433047     1
2713055320     2
2125934681     1
5444620378     7
5708607586     1
3167965285     1
1799450733     1
1574637684     1
2450632822     1
1927573627     1
1860980860     1
2356490365     12
1771769990     1
5386747244     13
5592674445     1
2183508111     2
1235259543     2
5531242651     1
3610349724     1
1929638045     1
1940459685     1
5088997546     2
2592747691     1
5311254701     1
2008617137     1
5613031605     1
3223539895     1
5600710840     1
1773596857     1
5696393410     1
2548854980     5
1654665417     1
2686783701     6
1739722970     3
1772892383     1
3219312864     26
3217535201     17
2258186477     1
5374890224     1
3607933171     1
1727058164     3
5081764086     1
2633901941     2
2916962553     1
2594427130     5
1858679044     3
5627785480     9
3212939534     1
2932150555     1
1942450464     1
1878249763     2
2909294884     1
3773714725     2
5665141033     3
5350650160     4
3862786358     1
5404463415     1
3802550584     1
5544773684     1
1666625850     1
1704341821     2
3196875070     1
5629169983     1
3516444993     1
3273290050     1
5468115267     2
5385343301     3
3653538130     1
1703748323     3
2558751061     6
1759375703     1
3808678233     1
1852715354     1
5180518748     3
1049188410     1
1806610784     3
2527826274     7
1774460305     14
1840025960     2
3434959210     1
5065912688     4
1979363700     1
5573149417     1
1699098004     2
1769140602     1
1817637243     2
5611819388     1
2169647491     1
5194494345     1
5652631946     2
5721543055     1
1803276691     1
5344268694     2
1828401562     1
5683962607     2
2115719587     1
5564346789     2
2812842412     2
5033210286     3
5283385775     1
5364494769     1
2727301875     1
2787965001     1
1649283513     22
2104471997     1
2959184324     2
5359940044     9
3071193552     1
2866950612     1
5649027541     3
2408911320     13
2197058020     1
3670921702     1
5100491244     1
5177618926     1
2954965491     1
5481812470     1
3656273321     6
2181509624     1
1872470783     2
1937100202     1
3911266816     2
5377162353     2
2210981974     1
5342097926     1
2132734472     3
1751962124     1
3463987970     1
2793280017     2
1092243992     1
5589479961     2
2688234011     3
1752502812     4
1897869853     1
3264573982     1
5599719967     1
3877155360     1
1789358630     1
3996013100     3
2668655151     6
2396197425     2
3216740917     1
5619593786     1
2824008253     1
1947611915     2
5710230084     1
3173347914     1
1759588945     1
1939173970     16
2764198483     1
2971562581     24
2621706844     5
1733636701     1
1966043745     2
5643211362     2
2634583483     1
1666749042     1
1736983315     1
2637509240     4
3617414591     2
5151249029     1
5627736719     4
2563427500     1
1951253273     1
5694280345     2
3554161307     1
2142778014     1
5695771296     3
2772808353     3
3170751140     3
5705716389     1
5366764198     1
5085287081     1
1103491757     1
1963438767     1
5700571827     1
2216440500     1
1974825653     1
3634055284     1
5669778207     1
3757691580     6
2035225283     1
1832415941     2
1764840135     1
2008855241     1
1761137355     4
5533061836     1
5470909133     2
5607043797     11
1658606295     1
1847669472     2
2169860834     1
1937224427     1
2740425453     1
5365478130     1
3196894675     1
5286171383     1
1807831810     1
5323895558     1
1785546881     8
3098870945     1
5665140183     6
5038183181     4
5165536014     4
5736396931     1
2320978712     1
2977190683     7
5369918238     1
1166996255     1
3232699180     9
1767592754     1
5652484925     2
2552935230     1
2161554240     1
2095699870     1
1233638215     1
3944715081     4
1879524151     1
2194920270     1
5707903824     10
3283653457     1
2844095317     1
3880014679     1
5209068381     1
2464330594     1
2137953123     1
1449530213     1
5194814316     4
2907042672     1
1771426673     1
1289057141     1
3914609526     2
1903989625     1
1760359292     1
5094830973     1
5616448320     1
5663134599     1
5032579978     5
5515563918     2
2261332884     1
1859867542     2
1027868825     1
5068911516     1
3195733840     3
3284734883     34
2134619045     1
5590840230     1
2703741864     7
2180600745     1
3310220210     2
1916974005     1
1256076215     1
5699843000     1
2615563193     1
1855509434     7
5672268732     1
3127915453     29
5221233600     1
3821007814     1
2176624801     1
2658571213     1
1880642512     1
3293887992     1
2992239570     2
5631226835     1
1900114902     12
1787057111     1
5572563933     1
5219371173     1
2054786555     1
1668712614     1
2941636092     1
5678879722     1
2623157231     1
5671465971     1
2273590783     1
5290873857     1
2408780802     2
3419886600     1
5074334735     8
2857178130     1
5418505236     1
5723794948     1
5055878171     3
2004333602     2
3947549731     1
5609442822     2
1851978794     2
1726211047     1
2533151802     9
3865769020     2
3317560387     1
5546660934     1
5012049420     2
1865176141     1
5148120148     1
3200857173     1
1768027222     1
5580289114     7
5575102548     10
5676733541     2
1062655087     1
2267436145     1
1743967347     2
2643454142     1
2454189174     2
2480837752     2
2727335041     2
3188348034     1
5681181829     1
5261554822     1
1931523207     3
2758431880     3
5182788745     1
5275137169     1
1986679955     2
1989735572     11
5282857839     1
3698840733     1
5427222725     1
2307326832     2
2541343907     7
1848194215     1
2707592365     1
1934488752     2
2608993457     1
5726434486     1
2652959930     5
2747479227     4
1861514431     1
2949534914     1
1242265803     1
5645235397     1
1669197345     1
5677356232     5
2620552395     2
3956831443     54
1161106650     16
2539964623     1
2521650401     1
2216498403     1
3934016744     1
2433262460     2
2101925107     3
3374798072     1
5609272569     2
2376971514     1
1865450367     3
2028868860     1
3648730365     1
2674472191     2
5245736202     2
1772885260     1
3165852942     7
3088397590     2
2276475780     2
3933689114     2
2927083055     1
5054731550     1
1697944867     1
5690348836     3
3173897514     1
5574505773     1
1818785071     1
2682934583     1
5018703160     4
1936880955     1
5134996797     5
2172147007     1
2054870341     27
1998263624     1
1406211402     1
1961743697     2
3860182355     2
1648702350     1
1484207452     4
2674955613     1
1856075102     2
5597140319     2
2887205777     1
2829153640     1
3125441897     2
5723747691     1
3460961644     1
2655786351     1
2109658480     3
2773800307     1
5672998265     1
2602311231     1
3706572352     1
1830278823     1
1644270980     2
3797246871     1
2819798421     1
2066691483     2
2206569884     1
5107971485     1
5681968548     1
2534733222     1
5551338929     2
1915492595     1
1851495861     1
1884550584     1
2659743161     1
1858205114     2
1934464444     1
3852940734     1
5234095554     1
5716422219     1
1886025157     1
5683410386     4
3148781012     1
3905066454     1
2665887193     1
1686885852     1
2531727610     3
1580037610     4
5620831725     1
5672285680     1
2835264424     1
3896710643     2
5667788278     1
5449397751     4
1648997880     1
1837909502     1
2190448124     21
2754272121     1
1771918852     3
3480206112     1
1760998924     1
5674522125     1
5686949392     4
5496133137     1
2805806615     1
3970545182     3
1252898335     1
2694698532     1
2029606437     6
5640197670     1
2684974631     2
1776973355     1
5577733678     1
1308210735     3
5581551152     6
1802059607     1
5230376503     13
5037897274     1
3664638901     6
2212935234     1
2996442694     1
1042493025     1
5288687177     2
3189569100     1
1752495697     9
1396773800     1
5382525881     1
5019596378     1
3123541605     1
2163824231     1
1758300383     1
2020529783     1
5693126264     1
3299415675     1
5685425088     1
5461431938     1
5697549958     1
1827255953     1
5294675604     1
2920421020     1
5667583649     1
2016581283     1
1588661873     1
3376436904     4
5177611948     6
5153740466     1
2261784243     2
2168501941     8
1728001725     3
5720757953     1
1781814980     5
1817695941     5
5547431622     5
5733209802     1
1015723725     1
2062190883     1
3374864084     1
5674178261     1
1750218455     1
1792317145     1
5462251227     6
1764726492     1
3308369633     9
3063183075     1
2741778155     1
2057581522     1
2238240497     2
2328990675     2
1765897972     2
3025643057     14
1888597755     4
2660464381     1
5141862144     1
1559484167     2
1573918474     1
5504661261     1
2694321934     1
1913542422     2
5362300698     1
2571613984     1
2882770487     1
5297239868     1
5722699581     1
2306299711     1
5388949316     1
2368083782     7
2813346785     1
1826789194     1
5538649935     1
1899878227     1
5198092116     1
1505720157     1
5116409697     4
5596804966     1
2153953131     31
5659011295     1
5055543161     9
2268034941     1
2629113731     1
2536241030     1
1412798344     1
1845221260     1
2149103504     1
5695051669     1
1362843542     3
5546579864     1
5694773146     1
3945920412     1
1817008030     1
5691930527     2
2310952867     3
5695526822     2
1805045404     3
5569263530     1
5496330158     1
1599788975     2
3281049521     1
1961007030     1
1557821367     3
1709143994     1
2357450683     1
3312548170     1
2574546890     8
2290513867     1
3938899917     1
2489300943     3
2064119763     1
1762187220     1
3942954965     2
3284129752     1
3795802080     3
2508347362     1
2884941797     1
2669385703     2
5723912177     1
3209607155     1
1991468030     3
5311600631     2
5029107706     2
1752930301     2
2956146687     2
1863784450     1
3290265604     6
5645391877     1
5168961543     1
5493815306     1
5692635149     1
5719062549     1
3551426585     6
5151266850     1
2137037147     1
2492553252     1
1581660202     1
2604382251     1
5124626477     1
1584388147     2
2609272885     2
5278431286     1
5733382200     1
3580942394     1
5462612028     1
2091202621     2
1806407744     1
1866799177     1
3169687627     2
1935341647     3
1980135504     1
5116033106     1
1805318500     1
5401696346     1
3970987023     1
1740028001     1
2041591910     1
5362858087     1
5090506857     1
2427328623     1
5600524402     8
1002485875     1
1823348853     1
1143199864     1
1760983164     1
5050308734     1
5056585843     1
5701466244     1
3364288652     8
2631231853     1
1803810964     1
1547843733     3
3481576475     45
2464692390     2
1895864491     1
2685271753     1
1646999743     1
1784256707     1
5606594757     1
2146097351     1
1727822027     1
2080626893     1
5029703373     1
5088982043     1
1881004241     10
2299368483     1
5565896916     5
5427837141     3
5046843606     1
5300500695     1
1516725284     1
5678250202     2
5635496156     1
2253265117     1
1839559717     1
5132146917     11
2119104742     1
1802697395     2
5550669522     1
2123187667     1
5452200176     1
2294061297     1
2402621683     1
5582616821     1
1765161207     2
2810722552     2
1860573434     1
5485893885     4
1689415382     1
5683366273     1
5298231564     2
2130827533     1
5602048271     1
1800468755     6
1811061014     2
1795479837     1
2087491871     1
5132171554     1
5368518950     11
5455550760     1
3939203370     1
2522110252     1
1834219823     1
2456394033     1
1945082162     1
5333866804     1
5236832586     2
1763039563     13
2818922832     1
5705505106     4
1877282531     1
1850194261     1
1893030232     1
1908103515     1
1245854044     1
2745170273     4
1660852580     1
5694404966     1
5473941866     1
2263431535     36
1934662005     5
5644368247     2
3619633530     2
2787441021     2
1785125253     6
1082049601     1
5046270346     1
2004703631     2
1746155924     1
5099742276     1
3256826267     2
2559326621     1
1787099550     2
3831880099     1
1305237927     1
5091735965     1
5699826761     1
5623822781     1
3948321216     6
5397739975     1
2169862602     2
1977552631     2
5610944975     6
3228318161     1
3403659740     4
1647213022     1
2178071010     1
5185457915     5
1415354853     1
1792375271     1
1819924973     1
5710944750     1
3513260533     2
2294233591     1
1864284664     1
5642328572     2
3291830781     1
3953792148     3
5620800005     2
2880915884     1
5686835723     1
3994671629     1
1693399567     2
2607233552     1
2820733457     1
5044378135     1
1735506457     3
5418457627     1
1351268893     1
3268188704     1
5657352738     2
1771043363     1
5472934436     12
1937047302     1
2454452774     4
1942067755     1
1820359217     1
5498894900     3
2074120377     1
5095094845     1
2034276927     3
3627358784     1
3638114883     1
5476358724     2
2169264713     1
1793931853     1
1805736532     2
5702662743     1
3224205915     1
1829182047     1
2891831904     3
5546154593     15
5688490603     1
3217382000     1
1703713394     1
1739733620     5
1925978743     1
2370591352     1
2462620282     2
5675921655     2
2843409024     4
3883383232     3
3535370887     1
2092857993     1
1364900492     1
3841088141     1
3172596367     4
1574607504     8
5572527214     1
1782316825     3
1560926874     1
5661856879     1
2240764572     1
3221674655     1
2554509984     1
3086718065     1
1928796845     1
3874003630     2
2074172080     1
1240275633     1
2409436275     4
1339660982     15
1897937593     2
1617902267     1
1989892801     1
5724846791     1
1800608465     1
3183221462     1
3642039002     1
5473647055     1
3176576931     1
2742123231     1
1733876454     2
2710518225     1
3538344681     2
1981913834     1
5732351087     1
5231033068     1
2705350587     1
1836030707     1
1774148340     4
2376970025     1
1715084027     6
5232874766     2
1746369282     5
2289108197     1
5641476868     1
1982610184     2
5102385931     1
1753119503     1
3295517457     3
3923778324     1
1749588760     1
1239431962     1
1740733213     6
1765047072     1
1899191075     1
3567121542     1
1613626150     1
5681969959     1
3860912936     1
3839423623     2
1658641197     1
3656555320     7
2473868095     1
2440608580     1
2054330287     2
5313420102     2
3761363784     1
5545753418     4
2123094864     1
1746352977     3
5500304214     1
3068537317     1
2116541280     1
2655296353     2
2823117667     1
1854061412     1
2709355365     1
1891826534     1
5209406314     1
1994464117     1
1784667001     5
3961101178     1
5542034300     7
3109649277     5
1298340744     9
1938545547     3
2168150925     12
1764948880     3
2853976980     2
5727832559     3
3913546657     1
2368895910     2
5691898795     1
5286902700     4
2836315061     1
2792364982     1
3866434488     1
5111741374     8
1595603903     1
2573409222     1
2507334817     1
3748289015     2
5014862797     1
5311937486     1
3561012177     1
1884535775     1
5206555622     3
2563234794     1
2260866215     1
5187394540     2
1788197873     4
1785568242     1
1773845493     2
5445745662     6
5338373120     1
3849387010     1
3691371523     1
5285338117     3
2264488967     1
1807793160     1
5383356247     5
2441903124     1
1671683095     1
2289376281     2
5702269980     1
2358475437     1
1777433637     1
3231693864     1
2002517033     2
5727288364     1
2673261617     2
2724415641     1
2040446023     1
2822421577     1
3695811673     3
2111265882     5
5147540573     1
2993847392     1
5473207980     1
1897896465     1
5032623215     1
2616925297     7
3045506162     4
2579283061     11
2191375484     7
5673124833     1
3199810693     1
5379882126     7
2651954321     10
2254560402     1
1745156633     1
3913891180     1
3712982174     1
1631837343     1
1747860642     1
1756462243     1
1820703911     1
3697441965     1
5336194222     18
5489720499     2
3563330740     6
2404719797     2
1844313270     2
2472828090     1
1879065802     1
2657582270     1
2135235775     1
1895857351     2
2944695497     3
5742222539     2
2526829774     1
1500642511     1
1964268755     1
5552798932     4
5706595542     1
2008644823     10
1787100381     1
3202161893     1
1915313383     1
3177045227     1
1771052271     2
2490211574     1
3992042749     1
1804664063     1
5704662274     1
1748671747     1
2063940871     1
1932279057     1
1112128797     1
1880866085     1
1863430550     1
2313681457     1
3065417607     1
3831405872     3
1790696753     1
2761538895     1
3098852663     2
5494127931     1
2302197052     1
2264259902     1
1649241172     1
2883157317     1
1566203211     1
2365660494     1
2215837007     3
2690702681     6
1705737562     2
1919728991     3
1352711530     1
3285474667     1
2216066412     4
2031721837     1
1746763121     1
1819778422     1
3201285497     2
3158621564     3
2189958531     1
3913653642     5
2975677835     1
5177089944     5
1770871363     1
2572483464     1
1005018524     1
5288205725     1
5230083489     2
2357157282     5
5693201830     1
5721841063     1
2875538860     1
3268083120     2
3407920570     1
5582208927     2
2336726461     1
2202746302     1
2841830645     1
1740447170     1
2739846595     1
2196454863     1
1669864915     1
1932263332     2
2130615771     1
3053118715     2
5696355817     1
5198831084     1
5302072573     1
2757361140     2
3512376824     1
1496710651     2
1774791253     1
3380952580     3
3468967430     1
2866150920     28
1280327177     3
1729429002     1
2822929932     1
5600088418     1
5070896654     1
1763827217     1
2870033940     1
3593805337     1
1725070874     1
2438914927     1
2630377393     1
5604793899     3
2539896365     1
5116952111     3
1950826037     1
5742526008     1
3592378975     1
1777442367     2
3201519375     1
5692652129     1
3228352072     1
1297054127     1
3232554584     1
5657512548     3
1776149775     1
5690629725     1
1829092960     2
3263266402     1
3537412585     1
2346325723     1
2148703850     2
5620309617     1
1812708980     6
1732741737     6
3767475841     1
1205656171     1
1730207373     1
1924759185     1
2711658135     1
5730041497     11
1737686687     2
1654768680     2
5618371186     1
1870560945     1
1816452787     1
2885992120     1
1864171197     1
1826037440     1
3143155395     1
1951547080     3
2039914185     1
2507579090     1
5602057939     1
5710249691     1
5148786399     2
1935941347     1
2931032017     1
2707734251     1
3139280621     1
3558440695     1
1826594552     1
3764313851     1
5690711804     2
2205384184     2
1827962630     1
5547203201     1
5043175189     1
3166150423     2
5620481817     1
1869496090     1
5594324763     4
2812378911     1
5292438302     2
3579215661     16
1585848114     1
1774542643     5
5109432120     4
1722187580     2
1862287167     2
5529444163     2
5057494857     4
2714279762     1
2292653911     1
5249040216     1
2331753103     1
2254561121     1
1772781415     1
2607226734     1
5245648753     2
5139775347     1
1958592381     1
5262458750     1
1909223117     1
2544779142     6
5382233993     2
1775304597     4
3263512471     1
1859321752     9
1739554713     1
1748649830     1
2038169501     6
2785648542     3
5399814047     8
5687541667     1
5499821988     1
5718990761     1
3316948907     1
1770733485     1
5604147121     3
3224526774     1
5284606015     1
2674368443     1
1767150922     1
3025928127     1
1736456864     1
2828312517     1
2723119053     4
2238635985     4
5702729687     1
1649098713     2
2183241693     2
5638766561     1
1895538661     3
5672452071     2
2316214252     1
5539725295     1
1957717332     28
2137735163     1
5710277290     1
